20 72
-4.37114e-008 1 0
0.866025 0.5 0
0.866025 -0.5 0
-4.37114e-008 -1 0
-4.37114e-008 1 1.91069e-015
0.866025 0.5 -3.78552e-008
0.866025 -0.5 -3.78552e-008
-4.37114e-008 -1 1.91069e-015
3.82137e-015 1 4.37114e-008
-7.57103e-008 0.5 -0.866025
-7.57103e-008 -0.5 -0.866025
3.82137e-015 -1 4.37114e-008
4.37114e-008 1 -5.21253e-016
-0.866025 0.5 1.03272e-008
-0.866025 -0.5 1.03272e-008
4.37114e-008 -1 -5.21253e-016
-7.64274e-015 1 -4.37114e-008
1.51421e-007 0.5 0.866025
1.51421e-007 -0.5 0.866025
-7.64274e-015 -1 -4.37114e-008
7
7
7
7
7
7
7
7
7
7
7
7
7
7
7
7
7
7
11
11
11
11
11
11
11
11
11
11
11
11
11
11
11
11
11
11
15
15
15
15
15
15
15
15
15
15
15
15
15
15
15
15
15
15
19
19
19
19
19
19
19
19
19
19
19
19
19
19
19
19
19
19
